0.53536685471844736028401712246705 -0.43435608157044147681347112666117 0.72437360890057900242311461624922
0.49408599159144267476406753303309 0.85663718352344897510874943691306 0.14849837951342645392394103964762
0.29089847566224275032809032381920 0.28730757725406780300758669000061 0.91259653347455871319482412218349
-0.44967999086740062519851335309795 0.88298282407637163071711938755470 -0.13464485953652213789943914434843
0.16673416536206231430838897722424 -0.94609573991584727803427767867106 0.27767349353890807828193487694080
0.96577998251666830054062984345364 0.21344695808300337414031844218698 0.14734117365901672203065686517220
-0.50689187778646860316200672968989 -0.18772995960232607970397111785132 0.84131925361411807884337576979306
0.85337419477434095504975175572326 0.02851740657674206591565280177747 0.52051824292274528893642582261236
0.45709658974182826307597338200139 0.81132271704518876820344530642615 0.36444225393442419846934399174643
0.88485476692893738626111144185415 -0.45627239895753957110713372458122 -0.09406135972155502122937775766331
